ar_marker_id: 3, corner_points: [[540.0, 512.0], [576.0, 508.0], [577.0, 543.0], [542.0, 547.0]]/
ar_marker_id: 2, corner_points: [[490.0, 518.0], [527.0, 513.0], [528.0, 549.0], [492.0, 553.0]]/
ar_marker_id: 0, corner_points: [[386.0, 529.0], [425.0, 526.0], [427.0, 562.0], [389.0, 566.0]]/
ar_marker_id: 6, corner_points: [[390.0, 581.0], [427.0, 576.0], [430.0, 612.0], [393.0, 617.0]]/
ar_marker_id: 5, corner_points: [[636.0, 502.0], [668.0, 499.0], [669.0, 533.0], [638.0, 537.0]]/
ar_marker_id: 4, corner_points: [[590.0, 507.0], [623.0, 504.0], [624.0, 538.0], [590.0, 541.0]]/
ar_marker_id: 2, corner_points: [[490.0, 298.0], [533.0, 297.0], [535.0, 340.0], [492.0, 342.0]]/
ar_marker_id: 6, corner_points: [[369.0, 365.0], [414.0, 362.0], [417.0, 406.0], [372.0, 409.0]]/
ar_marker_id: 3, corner_points: [[549.0, 297.0], [591.0, 296.0], [592.0, 340.0], [552.0, 340.0]]/
ar_marker_id: 4, corner_points: [[607.0, 296.0], [648.0, 297.0], [648.0, 338.0], [609.0, 339.0]]/
ar_marker_id: 5, corner_points: [[663.0, 296.0], [701.0, 297.0], [702.0, 337.0], [664.0, 338.0]]/
ar_marker_id: 5, corner_points: [[626.0, 337.0], [666.0, 335.0], [666.0, 376.0], [627.0, 379.0]]/
ar_marker_id: 3, corner_points: [[508.0, 340.0], [552.0, 337.0], [553.0, 380.0], [510.0, 383.0]]/
ar_marker_id: 2, corner_points: [[446.0, 342.0], [491.0, 339.0], [493.0, 383.0], [449.0, 386.0]]/
ar_marker_id: 6, corner_points: [[322.0, 412.0], [370.0, 408.0], [372.0, 452.0], [325.0, 456.0]]/
ar_marker_id: 4, corner_points: [[537.0, 358.0], [579.0, 356.0], [580.0, 398.0], [539.0, 401.0]]/
ar_marker_id: 3, corner_points: [[476.0, 361.0], [520.0, 357.0], [521.0, 402.0], [479.0, 404.0]]/
ar_marker_id: 2, corner_points: [[415.0, 363.0], [460.0, 360.0], [462.0, 404.0], [416.0, 408.0]]/
ar_marker_id: 6, corner_points: [[289.0, 435.0], [336.0, 431.0], [340.0, 475.0], [293.0, 479.0]]/
ar_marker_id: 3, corner_points: [[442.0, 371.0], [486.0, 369.0], [488.0, 412.0], [444.0, 415.0]]/
ar_marker_id: 2, corner_points: [[379.0, 375.0], [425.0, 372.0], [427.0, 416.0], [382.0, 420.0]]/
ar_marker_id: 0, corner_points: [[247.0, 383.0], [296.0, 380.0], [299.0, 426.0], [251.0, 428.0]]/
ar_marker_id: 6, corner_points: [[252.0, 447.0], [300.0, 443.0], [304.0, 488.0], [257.0, 492.0]]/
ar_marker_id: 4, corner_points: [[503.0, 368.0], [546.0, 366.0], [548.0, 410.0], [505.0, 412.0]]/
ar_marker_id: 5, corner_points: [[562.0, 366.0], [603.0, 366.0], [603.0, 407.0], [563.0, 408.0]]/
ar_marker_id: 5, corner_points: [[538.0, 371.0], [577.0, 369.0], [579.0, 411.0], [539.0, 413.0]]/
ar_marker_id: 4, corner_points: [[480.0, 373.0], [522.0, 372.0], [523.0, 414.0], [482.0, 416.0]]/
ar_marker_id: 3, corner_points: [[419.0, 376.0], [464.0, 374.0], [466.0, 416.0], [422.0, 420.0]]/
ar_marker_id: 2, corner_points: [[357.0, 380.0], [402.0, 377.0], [405.0, 420.0], [360.0, 424.0]]/
ar_marker_id: 0, corner_points: [[227.0, 388.0], [274.0, 385.0], [279.0, 430.0], [230.0, 433.0]]/
ar_marker_id: 6, corner_points: [[232.0, 451.0], [279.0, 447.0], [283.0, 491.0], [236.0, 495.0]]/
ar_marker_id: 0, corner_points: [[438.0, 588.0], [571.0, 564.0], [576.0, 686.0], [448.0, 714.0]]/
ar_marker_id: 0, corner_points: [[440.0, 555.0], [591.0, 534.0], [597.0, 677.0], [452.0, 706.0]]/
ar_marker_id: 0, corner_points: [[458.0, 549.0], [610.0, 532.0], [613.0, 676.0], [467.0, 700.0]]/
ar_marker_id: 0, corner_points: [[436.0, 555.0], [591.0, 538.0], [593.0, 684.0], [445.0, 707.0]]/
